6.299999999999999822e+00 9.000000000000000000e+06 2.700000000000000000e+03 9.000000000000000000e+00
6.299999999999999822e+00 9.000000000000000000e+06 2.700000000000000000e+03 9.500000000000000000e+00
6.299999999999999822e+00 9.000000000000000000e+06 2.700000000000000000e+03 1.000000000000000000e+01
6.299999999999999822e+00 9.000000000000000000e+06 2.700000000000000000e+03 1.050000000000000000e+01
6.299999999999999822e+00 9.000000000000000000e+06 2.700000000000000000e+03 1.100000000000000000e+01
6.299999999999999822e+00 9.000000000000000000e+06 2.850000000000000000e+03 9.000000000000000000e+00
6.299999999999999822e+00 9.000000000000000000e+06 2.850000000000000000e+03 9.500000000000000000e+00
6.299999999999999822e+00 9.000000000000000000e+06 2.850000000000000000e+03 1.000000000000000000e+01
6.299999999999999822e+00 9.000000000000000000e+06 2.850000000000000000e+03 1.050000000000000000e+01
6.299999999999999822e+00 9.000000000000000000e+06 2.850000000000000000e+03 1.100000000000000000e+01
6.299999999999999822e+00 9.000000000000000000e+06 3.000000000000000000e+03 9.000000000000000000e+00
6.299999999999999822e+00 9.000000000000000000e+06 3.000000000000000000e+03 9.500000000000000000e+00
6.299999999999999822e+00 9.000000000000000000e+06 3.000000000000000000e+03 1.000000000000000000e+01
6.299999999999999822e+00 9.000000000000000000e+06 3.000000000000000000e+03 1.050000000000000000e+01
6.299999999999999822e+00 9.000000000000000000e+06 3.000000000000000000e+03 1.100000000000000000e+01
6.299999999999999822e+00 9.000000000000000000e+06 3.150000000000000000e+03 9.000000000000000000e+00
6.299999999999999822e+00 9.000000000000000000e+06 3.150000000000000000e+03 9.500000000000000000e+00
6.299999999999999822e+00 9.000000000000000000e+06 3.150000000000000000e+03 1.000000000000000000e+01
6.299999999999999822e+00 9.000000000000000000e+06 3.150000000000000000e+03 1.050000000000000000e+01
6.299999999999999822e+00 9.000000000000000000e+06 3.150000000000000000e+03 1.100000000000000000e+01
6.299999999999999822e+00 9.000000000000000000e+06 3.300000000000000000e+03 9.000000000000000000e+00
6.299999999999999822e+00 9.000000000000000000e+06 3.300000000000000000e+03 9.500000000000000000e+00
6.299999999999999822e+00 9.000000000000000000e+06 3.300000000000000000e+03 1.000000000000000000e+01
6.299999999999999822e+00 9.000000000000000000e+06 3.300000000000000000e+03 1.050000000000000000e+01
6.299999999999999822e+00 9.000000000000000000e+06 3.300000000000000000e+03 1.100000000000000000e+01
6.299999999999999822e+00 9.500000000000000000e+06 2.700000000000000000e+03 9.000000000000000000e+00
6.299999999999999822e+00 9.500000000000000000e+06 2.700000000000000000e+03 9.500000000000000000e+00
6.299999999999999822e+00 9.500000000000000000e+06 2.700000000000000000e+03 1.000000000000000000e+01
6.299999999999999822e+00 9.500000000000000000e+06 2.700000000000000000e+03 1.050000000000000000e+01
6.299999999999999822e+00 9.500000000000000000e+06 2.700000000000000000e+03 1.100000000000000000e+01
6.299999999999999822e+00 9.500000000000000000e+06 2.850000000000000000e+03 9.000000000000000000e+00
6.299999999999999822e+00 9.500000000000000000e+06 2.850000000000000000e+03 9.500000000000000000e+00
6.299999999999999822e+00 9.500000000000000000e+06 2.850000000000000000e+03 1.000000000000000000e+01
6.299999999999999822e+00 9.500000000000000000e+06 2.850000000000000000e+03 1.050000000000000000e+01
6.299999999999999822e+00 9.500000000000000000e+06 2.850000000000000000e+03 1.100000000000000000e+01
6.299999999999999822e+00 9.500000000000000000e+06 3.000000000000000000e+03 9.000000000000000000e+00
6.299999999999999822e+00 9.500000000000000000e+06 3.000000000000000000e+03 9.500000000000000000e+00
6.299999999999999822e+00 9.500000000000000000e+06 3.000000000000000000e+03 1.000000000000000000e+01
6.299999999999999822e+00 9.500000000000000000e+06 3.000000000000000000e+03 1.050000000000000000e+01
6.299999999999999822e+00 9.500000000000000000e+06 3.000000000000000000e+03 1.100000000000000000e+01
6.299999999999999822e+00 9.500000000000000000e+06 3.150000000000000000e+03 9.000000000000000000e+00
6.299999999999999822e+00 9.500000000000000000e+06 3.150000000000000000e+03 9.500000000000000000e+00
6.299999999999999822e+00 9.500000000000000000e+06 3.150000000000000000e+03 1.000000000000000000e+01
6.299999999999999822e+00 9.500000000000000000e+06 3.150000000000000000e+03 1.050000000000000000e+01
6.299999999999999822e+00 9.500000000000000000e+06 3.150000000000000000e+03 1.100000000000000000e+01
6.299999999999999822e+00 9.500000000000000000e+06 3.300000000000000000e+03 9.000000000000000000e+00
6.299999999999999822e+00 9.500000000000000000e+06 3.300000000000000000e+03 9.500000000000000000e+00
6.299999999999999822e+00 9.500000000000000000e+06 3.300000000000000000e+03 1.000000000000000000e+01
6.299999999999999822e+00 9.500000000000000000e+06 3.300000000000000000e+03 1.050000000000000000e+01
6.299999999999999822e+00 9.500000000000000000e+06 3.300000000000000000e+03 1.100000000000000000e+01
6.299999999999999822e+00 1.000000000000000000e+07 2.700000000000000000e+03 9.000000000000000000e+00
6.299999999999999822e+00 1.000000000000000000e+07 2.700000000000000000e+03 9.500000000000000000e+00
6.299999999999999822e+00 1.000000000000000000e+07 2.700000000000000000e+03 1.000000000000000000e+01
6.299999999999999822e+00 1.000000000000000000e+07 2.700000000000000000e+03 1.050000000000000000e+01
6.299999999999999822e+00 1.000000000000000000e+07 2.700000000000000000e+03 1.100000000000000000e+01
6.299999999999999822e+00 1.000000000000000000e+07 2.850000000000000000e+03 9.000000000000000000e+00
6.299999999999999822e+00 1.000000000000000000e+07 2.850000000000000000e+03 9.500000000000000000e+00
6.299999999999999822e+00 1.000000000000000000e+07 2.850000000000000000e+03 1.000000000000000000e+01
6.299999999999999822e+00 1.000000000000000000e+07 2.850000000000000000e+03 1.050000000000000000e+01
6.299999999999999822e+00 1.000000000000000000e+07 2.850000000000000000e+03 1.100000000000000000e+01
6.299999999999999822e+00 1.000000000000000000e+07 3.000000000000000000e+03 9.000000000000000000e+00
6.299999999999999822e+00 1.000000000000000000e+07 3.000000000000000000e+03 9.500000000000000000e+00
6.299999999999999822e+00 1.000000000000000000e+07 3.000000000000000000e+03 1.000000000000000000e+01
6.299999999999999822e+00 1.000000000000000000e+07 3.000000000000000000e+03 1.050000000000000000e+01
6.299999999999999822e+00 1.000000000000000000e+07 3.000000000000000000e+03 1.100000000000000000e+01
6.299999999999999822e+00 1.000000000000000000e+07 3.150000000000000000e+03 9.000000000000000000e+00
6.299999999999999822e+00 1.000000000000000000e+07 3.150000000000000000e+03 9.500000000000000000e+00
6.299999999999999822e+00 1.000000000000000000e+07 3.150000000000000000e+03 1.000000000000000000e+01
6.299999999999999822e+00 1.000000000000000000e+07 3.150000000000000000e+03 1.050000000000000000e+01
6.299999999999999822e+00 1.000000000000000000e+07 3.150000000000000000e+03 1.100000000000000000e+01
6.299999999999999822e+00 1.000000000000000000e+07 3.300000000000000000e+03 9.000000000000000000e+00
6.299999999999999822e+00 1.000000000000000000e+07 3.300000000000000000e+03 9.500000000000000000e+00
6.299999999999999822e+00 1.000000000000000000e+07 3.300000000000000000e+03 1.000000000000000000e+01
6.299999999999999822e+00 1.000000000000000000e+07 3.300000000000000000e+03 1.050000000000000000e+01
6.299999999999999822e+00 1.000000000000000000e+07 3.300000000000000000e+03 1.100000000000000000e+01
6.299999999999999822e+00 1.050000000000000000e+07 2.700000000000000000e+03 9.000000000000000000e+00
6.299999999999999822e+00 1.050000000000000000e+07 2.700000000000000000e+03 9.500000000000000000e+00
6.299999999999999822e+00 1.050000000000000000e+07 2.700000000000000000e+03 1.000000000000000000e+01
6.299999999999999822e+00 1.050000000000000000e+07 2.700000000000000000e+03 1.050000000000000000e+01
6.299999999999999822e+00 1.050000000000000000e+07 2.700000000000000000e+03 1.100000000000000000e+01
6.299999999999999822e+00 1.050000000000000000e+07 2.850000000000000000e+03 9.000000000000000000e+00
6.299999999999999822e+00 1.050000000000000000e+07 2.850000000000000000e+03 9.500000000000000000e+00
6.299999999999999822e+00 1.050000000000000000e+07 2.850000000000000000e+03 1.000000000000000000e+01
6.299999999999999822e+00 1.050000000000000000e+07 2.850000000000000000e+03 1.050000000000000000e+01
6.299999999999999822e+00 1.050000000000000000e+07 2.850000000000000000e+03 1.100000000000000000e+01
6.299999999999999822e+00 1.050000000000000000e+07 3.000000000000000000e+03 9.000000000000000000e+00
6.299999999999999822e+00 1.050000000000000000e+07 3.000000000000000000e+03 9.500000000000000000e+00
6.299999999999999822e+00 1.050000000000000000e+07 3.000000000000000000e+03 1.000000000000000000e+01
6.299999999999999822e+00 1.050000000000000000e+07 3.000000000000000000e+03 1.050000000000000000e+01
6.299999999999999822e+00 1.050000000000000000e+07 3.000000000000000000e+03 1.100000000000000000e+01
6.299999999999999822e+00 1.050000000000000000e+07 3.150000000000000000e+03 9.000000000000000000e+00
6.299999999999999822e+00 1.050000000000000000e+07 3.150000000000000000e+03 9.500000000000000000e+00
6.299999999999999822e+00 1.050000000000000000e+07 3.150000000000000000e+03 1.000000000000000000e+01
6.299999999999999822e+00 1.050000000000000000e+07 3.150000000000000000e+03 1.050000000000000000e+01
6.299999999999999822e+00 1.050000000000000000e+07 3.150000000000000000e+03 1.100000000000000000e+01
6.299999999999999822e+00 1.050000000000000000e+07 3.300000000000000000e+03 9.000000000000000000e+00
6.299999999999999822e+00 1.050000000000000000e+07 3.300000000000000000e+03 9.500000000000000000e+00
6.299999999999999822e+00 1.050000000000000000e+07 3.300000000000000000e+03 1.000000000000000000e+01
6.299999999999999822e+00 1.050000000000000000e+07 3.300000000000000000e+03 1.050000000000000000e+01
6.299999999999999822e+00 1.050000000000000000e+07 3.300000000000000000e+03 1.100000000000000000e+01
6.299999999999999822e+00 1.100000000000000000e+07 2.700000000000000000e+03 9.000000000000000000e+00
6.299999999999999822e+00 1.100000000000000000e+07 2.700000000000000000e+03 9.500000000000000000e+00
6.299999999999999822e+00 1.100000000000000000e+07 2.700000000000000000e+03 1.000000000000000000e+01
6.299999999999999822e+00 1.100000000000000000e+07 2.700000000000000000e+03 1.050000000000000000e+01
6.299999999999999822e+00 1.100000000000000000e+07 2.700000000000000000e+03 1.100000000000000000e+01
6.299999999999999822e+00 1.100000000000000000e+07 2.850000000000000000e+03 9.000000000000000000e+00
6.299999999999999822e+00 1.100000000000000000e+07 2.850000000000000000e+03 9.500000000000000000e+00
6.299999999999999822e+00 1.100000000000000000e+07 2.850000000000000000e+03 1.000000000000000000e+01
6.299999999999999822e+00 1.100000000000000000e+07 2.850000000000000000e+03 1.050000000000000000e+01
6.299999999999999822e+00 1.100000000000000000e+07 2.850000000000000000e+03 1.100000000000000000e+01
6.299999999999999822e+00 1.100000000000000000e+07 3.000000000000000000e+03 9.000000000000000000e+00
6.299999999999999822e+00 1.100000000000000000e+07 3.000000000000000000e+03 9.500000000000000000e+00
6.299999999999999822e+00 1.100000000000000000e+07 3.000000000000000000e+03 1.000000000000000000e+01
6.299999999999999822e+00 1.100000000000000000e+07 3.000000000000000000e+03 1.050000000000000000e+01
6.299999999999999822e+00 1.100000000000000000e+07 3.000000000000000000e+03 1.100000000000000000e+01
6.299999999999999822e+00 1.100000000000000000e+07 3.150000000000000000e+03 9.000000000000000000e+00
6.299999999999999822e+00 1.100000000000000000e+07 3.150000000000000000e+03 9.500000000000000000e+00
6.299999999999999822e+00 1.100000000000000000e+07 3.150000000000000000e+03 1.000000000000000000e+01
6.299999999999999822e+00 1.100000000000000000e+07 3.150000000000000000e+03 1.050000000000000000e+01
6.299999999999999822e+00 1.100000000000000000e+07 3.150000000000000000e+03 1.100000000000000000e+01
6.299999999999999822e+00 1.100000000000000000e+07 3.300000000000000000e+03 9.000000000000000000e+00
6.299999999999999822e+00 1.100000000000000000e+07 3.300000000000000000e+03 9.500000000000000000e+00
6.299999999999999822e+00 1.100000000000000000e+07 3.300000000000000000e+03 1.000000000000000000e+01
6.299999999999999822e+00 1.100000000000000000e+07 3.300000000000000000e+03 1.050000000000000000e+01
6.299999999999999822e+00 1.100000000000000000e+07 3.300000000000000000e+03 1.100000000000000000e+01
6.650000000000000355e+00 9.000000000000000000e+06 2.700000000000000000e+03 9.000000000000000000e+00
6.650000000000000355e+00 9.000000000000000000e+06 2.700000000000000000e+03 9.500000000000000000e+00
6.650000000000000355e+00 9.000000000000000000e+06 2.700000000000000000e+03 1.000000000000000000e+01
6.650000000000000355e+00 9.000000000000000000e+06 2.700000000000000000e+03 1.050000000000000000e+01
6.650000000000000355e+00 9.000000000000000000e+06 2.700000000000000000e+03 1.100000000000000000e+01
6.650000000000000355e+00 9.000000000000000000e+06 2.850000000000000000e+03 9.000000000000000000e+00
6.650000000000000355e+00 9.000000000000000000e+06 2.850000000000000000e+03 9.500000000000000000e+00
6.650000000000000355e+00 9.000000000000000000e+06 2.850000000000000000e+03 1.000000000000000000e+01
6.650000000000000355e+00 9.000000000000000000e+06 2.850000000000000000e+03 1.050000000000000000e+01
6.650000000000000355e+00 9.000000000000000000e+06 2.850000000000000000e+03 1.100000000000000000e+01
6.650000000000000355e+00 9.000000000000000000e+06 3.000000000000000000e+03 9.000000000000000000e+00
6.650000000000000355e+00 9.000000000000000000e+06 3.000000000000000000e+03 9.500000000000000000e+00
6.650000000000000355e+00 9.000000000000000000e+06 3.000000000000000000e+03 1.000000000000000000e+01
6.650000000000000355e+00 9.000000000000000000e+06 3.000000000000000000e+03 1.050000000000000000e+01
6.650000000000000355e+00 9.000000000000000000e+06 3.000000000000000000e+03 1.100000000000000000e+01
6.650000000000000355e+00 9.000000000000000000e+06 3.150000000000000000e+03 9.000000000000000000e+00
6.650000000000000355e+00 9.000000000000000000e+06 3.150000000000000000e+03 9.500000000000000000e+00
6.650000000000000355e+00 9.000000000000000000e+06 3.150000000000000000e+03 1.000000000000000000e+01
6.650000000000000355e+00 9.000000000000000000e+06 3.150000000000000000e+03 1.050000000000000000e+01
6.650000000000000355e+00 9.000000000000000000e+06 3.150000000000000000e+03 1.100000000000000000e+01
6.650000000000000355e+00 9.000000000000000000e+06 3.300000000000000000e+03 9.000000000000000000e+00
6.650000000000000355e+00 9.000000000000000000e+06 3.300000000000000000e+03 9.500000000000000000e+00
6.650000000000000355e+00 9.000000000000000000e+06 3.300000000000000000e+03 1.000000000000000000e+01
6.650000000000000355e+00 9.000000000000000000e+06 3.300000000000000000e+03 1.050000000000000000e+01
6.650000000000000355e+00 9.000000000000000000e+06 3.300000000000000000e+03 1.100000000000000000e+01
6.650000000000000355e+00 9.500000000000000000e+06 2.700000000000000000e+03 9.000000000000000000e+00
6.650000000000000355e+00 9.500000000000000000e+06 2.700000000000000000e+03 9.500000000000000000e+00
6.650000000000000355e+00 9.500000000000000000e+06 2.700000000000000000e+03 1.000000000000000000e+01
6.650000000000000355e+00 9.500000000000000000e+06 2.700000000000000000e+03 1.050000000000000000e+01
6.650000000000000355e+00 9.500000000000000000e+06 2.700000000000000000e+03 1.100000000000000000e+01
6.650000000000000355e+00 9.500000000000000000e+06 2.850000000000000000e+03 9.000000000000000000e+00
6.650000000000000355e+00 9.500000000000000000e+06 2.850000000000000000e+03 9.500000000000000000e+00
6.650000000000000355e+00 9.500000000000000000e+06 2.850000000000000000e+03 1.000000000000000000e+01
6.650000000000000355e+00 9.500000000000000000e+06 2.850000000000000000e+03 1.050000000000000000e+01
6.650000000000000355e+00 9.500000000000000000e+06 2.850000000000000000e+03 1.100000000000000000e+01
6.650000000000000355e+00 9.500000000000000000e+06 3.000000000000000000e+03 9.000000000000000000e+00
6.650000000000000355e+00 9.500000000000000000e+06 3.000000000000000000e+03 9.500000000000000000e+00
6.650000000000000355e+00 9.500000000000000000e+06 3.000000000000000000e+03 1.000000000000000000e+01
6.650000000000000355e+00 9.500000000000000000e+06 3.000000000000000000e+03 1.050000000000000000e+01
6.650000000000000355e+00 9.500000000000000000e+06 3.000000000000000000e+03 1.100000000000000000e+01
6.650000000000000355e+00 9.500000000000000000e+06 3.150000000000000000e+03 9.000000000000000000e+00
6.650000000000000355e+00 9.500000000000000000e+06 3.150000000000000000e+03 9.500000000000000000e+00
6.650000000000000355e+00 9.500000000000000000e+06 3.150000000000000000e+03 1.000000000000000000e+01
6.650000000000000355e+00 9.500000000000000000e+06 3.150000000000000000e+03 1.050000000000000000e+01
6.650000000000000355e+00 9.500000000000000000e+06 3.150000000000000000e+03 1.100000000000000000e+01
6.650000000000000355e+00 9.500000000000000000e+06 3.300000000000000000e+03 9.000000000000000000e+00
6.650000000000000355e+00 9.500000000000000000e+06 3.300000000000000000e+03 9.500000000000000000e+00
6.650000000000000355e+00 9.500000000000000000e+06 3.300000000000000000e+03 1.000000000000000000e+01
6.650000000000000355e+00 9.500000000000000000e+06 3.300000000000000000e+03 1.050000000000000000e+01
6.650000000000000355e+00 9.500000000000000000e+06 3.300000000000000000e+03 1.100000000000000000e+01
6.650000000000000355e+00 1.000000000000000000e+07 2.700000000000000000e+03 9.000000000000000000e+00
6.650000000000000355e+00 1.000000000000000000e+07 2.700000000000000000e+03 9.500000000000000000e+00
6.650000000000000355e+00 1.000000000000000000e+07 2.700000000000000000e+03 1.000000000000000000e+01
6.650000000000000355e+00 1.000000000000000000e+07 2.700000000000000000e+03 1.050000000000000000e+01
6.650000000000000355e+00 1.000000000000000000e+07 2.700000000000000000e+03 1.100000000000000000e+01
6.650000000000000355e+00 1.000000000000000000e+07 2.850000000000000000e+03 9.000000000000000000e+00
6.650000000000000355e+00 1.000000000000000000e+07 2.850000000000000000e+03 9.500000000000000000e+00
6.650000000000000355e+00 1.000000000000000000e+07 2.850000000000000000e+03 1.000000000000000000e+01
6.650000000000000355e+00 1.000000000000000000e+07 2.850000000000000000e+03 1.050000000000000000e+01
6.650000000000000355e+00 1.000000000000000000e+07 2.850000000000000000e+03 1.100000000000000000e+01
6.650000000000000355e+00 1.000000000000000000e+07 3.000000000000000000e+03 9.000000000000000000e+00
6.650000000000000355e+00 1.000000000000000000e+07 3.000000000000000000e+03 9.500000000000000000e+00
6.650000000000000355e+00 1.000000000000000000e+07 3.000000000000000000e+03 1.000000000000000000e+01
6.650000000000000355e+00 1.000000000000000000e+07 3.000000000000000000e+03 1.050000000000000000e+01
6.650000000000000355e+00 1.000000000000000000e+07 3.000000000000000000e+03 1.100000000000000000e+01
6.650000000000000355e+00 1.000000000000000000e+07 3.150000000000000000e+03 9.000000000000000000e+00
6.650000000000000355e+00 1.000000000000000000e+07 3.150000000000000000e+03 9.500000000000000000e+00
6.650000000000000355e+00 1.000000000000000000e+07 3.150000000000000000e+03 1.000000000000000000e+01
6.650000000000000355e+00 1.000000000000000000e+07 3.150000000000000000e+03 1.050000000000000000e+01
6.650000000000000355e+00 1.000000000000000000e+07 3.150000000000000000e+03 1.100000000000000000e+01
6.650000000000000355e+00 1.000000000000000000e+07 3.300000000000000000e+03 9.000000000000000000e+00
6.650000000000000355e+00 1.000000000000000000e+07 3.300000000000000000e+03 9.500000000000000000e+00
6.650000000000000355e+00 1.000000000000000000e+07 3.300000000000000000e+03 1.000000000000000000e+01
6.650000000000000355e+00 1.000000000000000000e+07 3.300000000000000000e+03 1.050000000000000000e+01
6.650000000000000355e+00 1.000000000000000000e+07 3.300000000000000000e+03 1.100000000000000000e+01
6.650000000000000355e+00 1.050000000000000000e+07 2.700000000000000000e+03 9.000000000000000000e+00
6.650000000000000355e+00 1.050000000000000000e+07 2.700000000000000000e+03 9.500000000000000000e+00
6.650000000000000355e+00 1.050000000000000000e+07 2.700000000000000000e+03 1.000000000000000000e+01
6.650000000000000355e+00 1.050000000000000000e+07 2.700000000000000000e+03 1.050000000000000000e+01
6.650000000000000355e+00 1.050000000000000000e+07 2.700000000000000000e+03 1.100000000000000000e+01
6.650000000000000355e+00 1.050000000000000000e+07 2.850000000000000000e+03 9.000000000000000000e+00
6.650000000000000355e+00 1.050000000000000000e+07 2.850000000000000000e+03 9.500000000000000000e+00
6.650000000000000355e+00 1.050000000000000000e+07 2.850000000000000000e+03 1.000000000000000000e+01
6.650000000000000355e+00 1.050000000000000000e+07 2.850000000000000000e+03 1.050000000000000000e+01
6.650000000000000355e+00 1.050000000000000000e+07 2.850000000000000000e+03 1.100000000000000000e+01
6.650000000000000355e+00 1.050000000000000000e+07 3.000000000000000000e+03 9.000000000000000000e+00
6.650000000000000355e+00 1.050000000000000000e+07 3.000000000000000000e+03 9.500000000000000000e+00
6.650000000000000355e+00 1.050000000000000000e+07 3.000000000000000000e+03 1.000000000000000000e+01
6.650000000000000355e+00 1.050000000000000000e+07 3.000000000000000000e+03 1.050000000000000000e+01
6.650000000000000355e+00 1.050000000000000000e+07 3.000000000000000000e+03 1.100000000000000000e+01
6.650000000000000355e+00 1.050000000000000000e+07 3.150000000000000000e+03 9.000000000000000000e+00
6.650000000000000355e+00 1.050000000000000000e+07 3.150000000000000000e+03 9.500000000000000000e+00
6.650000000000000355e+00 1.050000000000000000e+07 3.150000000000000000e+03 1.000000000000000000e+01
6.650000000000000355e+00 1.050000000000000000e+07 3.150000000000000000e+03 1.050000000000000000e+01
6.650000000000000355e+00 1.050000000000000000e+07 3.150000000000000000e+03 1.100000000000000000e+01
6.650000000000000355e+00 1.050000000000000000e+07 3.300000000000000000e+03 9.000000000000000000e+00
6.650000000000000355e+00 1.050000000000000000e+07 3.300000000000000000e+03 9.500000000000000000e+00
6.650000000000000355e+00 1.050000000000000000e+07 3.300000000000000000e+03 1.000000000000000000e+01
6.650000000000000355e+00 1.050000000000000000e+07 3.300000000000000000e+03 1.050000000000000000e+01
6.650000000000000355e+00 1.050000000000000000e+07 3.300000000000000000e+03 1.100000000000000000e+01
6.650000000000000355e+00 1.100000000000000000e+07 2.700000000000000000e+03 9.000000000000000000e+00
6.650000000000000355e+00 1.100000000000000000e+07 2.700000000000000000e+03 9.500000000000000000e+00
6.650000000000000355e+00 1.100000000000000000e+07 2.700000000000000000e+03 1.000000000000000000e+01
6.650000000000000355e+00 1.100000000000000000e+07 2.700000000000000000e+03 1.050000000000000000e+01
6.650000000000000355e+00 1.100000000000000000e+07 2.700000000000000000e+03 1.100000000000000000e+01
6.650000000000000355e+00 1.100000000000000000e+07 2.850000000000000000e+03 9.000000000000000000e+00
6.650000000000000355e+00 1.100000000000000000e+07 2.850000000000000000e+03 9.500000000000000000e+00
6.650000000000000355e+00 1.100000000000000000e+07 2.850000000000000000e+03 1.000000000000000000e+01
6.650000000000000355e+00 1.100000000000000000e+07 2.850000000000000000e+03 1.050000000000000000e+01
6.650000000000000355e+00 1.100000000000000000e+07 2.850000000000000000e+03 1.100000000000000000e+01
6.650000000000000355e+00 1.100000000000000000e+07 3.000000000000000000e+03 9.000000000000000000e+00
6.650000000000000355e+00 1.100000000000000000e+07 3.000000000000000000e+03 9.500000000000000000e+00
6.650000000000000355e+00 1.100000000000000000e+07 3.000000000000000000e+03 1.000000000000000000e+01
6.650000000000000355e+00 1.100000000000000000e+07 3.000000000000000000e+03 1.050000000000000000e+01
6.650000000000000355e+00 1.100000000000000000e+07 3.000000000000000000e+03 1.100000000000000000e+01
6.650000000000000355e+00 1.100000000000000000e+07 3.150000000000000000e+03 9.000000000000000000e+00
6.650000000000000355e+00 1.100000000000000000e+07 3.150000000000000000e+03 9.500000000000000000e+00
6.650000000000000355e+00 1.100000000000000000e+07 3.150000000000000000e+03 1.000000000000000000e+01
6.650000000000000355e+00 1.100000000000000000e+07 3.150000000000000000e+03 1.050000000000000000e+01
6.650000000000000355e+00 1.100000000000000000e+07 3.150000000000000000e+03 1.100000000000000000e+01
6.650000000000000355e+00 1.100000000000000000e+07 3.300000000000000000e+03 9.000000000000000000e+00
6.650000000000000355e+00 1.100000000000000000e+07 3.300000000000000000e+03 9.500000000000000000e+00
6.650000000000000355e+00 1.100000000000000000e+07 3.300000000000000000e+03 1.000000000000000000e+01
6.650000000000000355e+00 1.100000000000000000e+07 3.300000000000000000e+03 1.050000000000000000e+01
6.650000000000000355e+00 1.100000000000000000e+07 3.300000000000000000e+03 1.100000000000000000e+01
7.000000000000000000e+00 9.000000000000000000e+06 2.700000000000000000e+03 9.000000000000000000e+00
7.000000000000000000e+00 9.000000000000000000e+06 2.700000000000000000e+03 9.500000000000000000e+00
7.000000000000000000e+00 9.000000000000000000e+06 2.700000000000000000e+03 1.000000000000000000e+01
7.000000000000000000e+00 9.000000000000000000e+06 2.700000000000000000e+03 1.050000000000000000e+01
7.000000000000000000e+00 9.000000000000000000e+06 2.700000000000000000e+03 1.100000000000000000e+01
7.000000000000000000e+00 9.000000000000000000e+06 2.850000000000000000e+03 9.000000000000000000e+00
7.000000000000000000e+00 9.000000000000000000e+06 2.850000000000000000e+03 9.500000000000000000e+00
7.000000000000000000e+00 9.000000000000000000e+06 2.850000000000000000e+03 1.000000000000000000e+01
7.000000000000000000e+00 9.000000000000000000e+06 2.850000000000000000e+03 1.050000000000000000e+01
7.000000000000000000e+00 9.000000000000000000e+06 2.850000000000000000e+03 1.100000000000000000e+01
7.000000000000000000e+00 9.000000000000000000e+06 3.000000000000000000e+03 9.000000000000000000e+00
7.000000000000000000e+00 9.000000000000000000e+06 3.000000000000000000e+03 9.500000000000000000e+00
7.000000000000000000e+00 9.000000000000000000e+06 3.000000000000000000e+03 1.000000000000000000e+01
7.000000000000000000e+00 9.000000000000000000e+06 3.000000000000000000e+03 1.050000000000000000e+01
7.000000000000000000e+00 9.000000000000000000e+06 3.000000000000000000e+03 1.100000000000000000e+01
7.000000000000000000e+00 9.000000000000000000e+06 3.150000000000000000e+03 9.000000000000000000e+00
7.000000000000000000e+00 9.000000000000000000e+06 3.150000000000000000e+03 9.500000000000000000e+00
7.000000000000000000e+00 9.000000000000000000e+06 3.150000000000000000e+03 1.000000000000000000e+01
7.000000000000000000e+00 9.000000000000000000e+06 3.150000000000000000e+03 1.050000000000000000e+01
7.000000000000000000e+00 9.000000000000000000e+06 3.150000000000000000e+03 1.100000000000000000e+01
7.000000000000000000e+00 9.000000000000000000e+06 3.300000000000000000e+03 9.000000000000000000e+00
7.000000000000000000e+00 9.000000000000000000e+06 3.300000000000000000e+03 9.500000000000000000e+00
7.000000000000000000e+00 9.000000000000000000e+06 3.300000000000000000e+03 1.000000000000000000e+01
7.000000000000000000e+00 9.000000000000000000e+06 3.300000000000000000e+03 1.050000000000000000e+01
7.000000000000000000e+00 9.000000000000000000e+06 3.300000000000000000e+03 1.100000000000000000e+01
7.000000000000000000e+00 9.500000000000000000e+06 2.700000000000000000e+03 9.000000000000000000e+00
7.000000000000000000e+00 9.500000000000000000e+06 2.700000000000000000e+03 9.500000000000000000e+00
7.000000000000000000e+00 9.500000000000000000e+06 2.700000000000000000e+03 1.000000000000000000e+01
7.000000000000000000e+00 9.500000000000000000e+06 2.700000000000000000e+03 1.050000000000000000e+01
7.000000000000000000e+00 9.500000000000000000e+06 2.700000000000000000e+03 1.100000000000000000e+01
7.000000000000000000e+00 9.500000000000000000e+06 2.850000000000000000e+03 9.000000000000000000e+00
7.000000000000000000e+00 9.500000000000000000e+06 2.850000000000000000e+03 9.500000000000000000e+00
7.000000000000000000e+00 9.500000000000000000e+06 2.850000000000000000e+03 1.000000000000000000e+01
7.000000000000000000e+00 9.500000000000000000e+06 2.850000000000000000e+03 1.050000000000000000e+01
7.000000000000000000e+00 9.500000000000000000e+06 2.850000000000000000e+03 1.100000000000000000e+01
7.000000000000000000e+00 9.500000000000000000e+06 3.000000000000000000e+03 9.000000000000000000e+00
7.000000000000000000e+00 9.500000000000000000e+06 3.000000000000000000e+03 9.500000000000000000e+00
7.000000000000000000e+00 9.500000000000000000e+06 3.000000000000000000e+03 1.000000000000000000e+01
7.000000000000000000e+00 9.500000000000000000e+06 3.000000000000000000e+03 1.050000000000000000e+01
7.000000000000000000e+00 9.500000000000000000e+06 3.000000000000000000e+03 1.100000000000000000e+01
7.000000000000000000e+00 9.500000000000000000e+06 3.150000000000000000e+03 9.000000000000000000e+00
7.000000000000000000e+00 9.500000000000000000e+06 3.150000000000000000e+03 9.500000000000000000e+00
7.000000000000000000e+00 9.500000000000000000e+06 3.150000000000000000e+03 1.000000000000000000e+01
7.000000000000000000e+00 9.500000000000000000e+06 3.150000000000000000e+03 1.050000000000000000e+01
7.000000000000000000e+00 9.500000000000000000e+06 3.150000000000000000e+03 1.100000000000000000e+01
7.000000000000000000e+00 9.500000000000000000e+06 3.300000000000000000e+03 9.000000000000000000e+00
7.000000000000000000e+00 9.500000000000000000e+06 3.300000000000000000e+03 9.500000000000000000e+00
7.000000000000000000e+00 9.500000000000000000e+06 3.300000000000000000e+03 1.000000000000000000e+01
7.000000000000000000e+00 9.500000000000000000e+06 3.300000000000000000e+03 1.050000000000000000e+01
7.000000000000000000e+00 9.500000000000000000e+06 3.300000000000000000e+03 1.100000000000000000e+01
7.000000000000000000e+00 1.000000000000000000e+07 2.700000000000000000e+03 9.000000000000000000e+00
7.000000000000000000e+00 1.000000000000000000e+07 2.700000000000000000e+03 9.500000000000000000e+00
7.000000000000000000e+00 1.000000000000000000e+07 2.700000000000000000e+03 1.000000000000000000e+01
7.000000000000000000e+00 1.000000000000000000e+07 2.700000000000000000e+03 1.050000000000000000e+01
7.000000000000000000e+00 1.000000000000000000e+07 2.700000000000000000e+03 1.100000000000000000e+01
7.000000000000000000e+00 1.000000000000000000e+07 2.850000000000000000e+03 9.000000000000000000e+00
7.000000000000000000e+00 1.000000000000000000e+07 2.850000000000000000e+03 9.500000000000000000e+00
7.000000000000000000e+00 1.000000000000000000e+07 2.850000000000000000e+03 1.000000000000000000e+01
7.000000000000000000e+00 1.000000000000000000e+07 2.850000000000000000e+03 1.050000000000000000e+01
7.000000000000000000e+00 1.000000000000000000e+07 2.850000000000000000e+03 1.100000000000000000e+01
7.000000000000000000e+00 1.000000000000000000e+07 3.000000000000000000e+03 9.000000000000000000e+00
7.000000000000000000e+00 1.000000000000000000e+07 3.000000000000000000e+03 9.500000000000000000e+00
7.000000000000000000e+00 1.000000000000000000e+07 3.000000000000000000e+03 1.000000000000000000e+01
7.000000000000000000e+00 1.000000000000000000e+07 3.000000000000000000e+03 1.050000000000000000e+01
7.000000000000000000e+00 1.000000000000000000e+07 3.000000000000000000e+03 1.100000000000000000e+01
7.000000000000000000e+00 1.000000000000000000e+07 3.150000000000000000e+03 9.000000000000000000e+00
7.000000000000000000e+00 1.000000000000000000e+07 3.150000000000000000e+03 9.500000000000000000e+00
7.000000000000000000e+00 1.000000000000000000e+07 3.150000000000000000e+03 1.000000000000000000e+01
7.000000000000000000e+00 1.000000000000000000e+07 3.150000000000000000e+03 1.050000000000000000e+01
7.000000000000000000e+00 1.000000000000000000e+07 3.150000000000000000e+03 1.100000000000000000e+01
7.000000000000000000e+00 1.000000000000000000e+07 3.300000000000000000e+03 9.000000000000000000e+00
7.000000000000000000e+00 1.000000000000000000e+07 3.300000000000000000e+03 9.500000000000000000e+00
7.000000000000000000e+00 1.000000000000000000e+07 3.300000000000000000e+03 1.000000000000000000e+01
7.000000000000000000e+00 1.000000000000000000e+07 3.300000000000000000e+03 1.050000000000000000e+01
7.000000000000000000e+00 1.000000000000000000e+07 3.300000000000000000e+03 1.100000000000000000e+01
7.000000000000000000e+00 1.050000000000000000e+07 2.700000000000000000e+03 9.000000000000000000e+00
7.000000000000000000e+00 1.050000000000000000e+07 2.700000000000000000e+03 9.500000000000000000e+00
7.000000000000000000e+00 1.050000000000000000e+07 2.700000000000000000e+03 1.000000000000000000e+01
7.000000000000000000e+00 1.050000000000000000e+07 2.700000000000000000e+03 1.050000000000000000e+01
7.000000000000000000e+00 1.050000000000000000e+07 2.700000000000000000e+03 1.100000000000000000e+01
7.000000000000000000e+00 1.050000000000000000e+07 2.850000000000000000e+03 9.000000000000000000e+00
7.000000000000000000e+00 1.050000000000000000e+07 2.850000000000000000e+03 9.500000000000000000e+00
7.000000000000000000e+00 1.050000000000000000e+07 2.850000000000000000e+03 1.000000000000000000e+01
7.000000000000000000e+00 1.050000000000000000e+07 2.850000000000000000e+03 1.050000000000000000e+01
7.000000000000000000e+00 1.050000000000000000e+07 2.850000000000000000e+03 1.100000000000000000e+01
7.000000000000000000e+00 1.050000000000000000e+07 3.000000000000000000e+03 9.000000000000000000e+00
7.000000000000000000e+00 1.050000000000000000e+07 3.000000000000000000e+03 9.500000000000000000e+00
7.000000000000000000e+00 1.050000000000000000e+07 3.000000000000000000e+03 1.000000000000000000e+01
7.000000000000000000e+00 1.050000000000000000e+07 3.000000000000000000e+03 1.050000000000000000e+01
7.000000000000000000e+00 1.050000000000000000e+07 3.000000000000000000e+03 1.100000000000000000e+01
7.000000000000000000e+00 1.050000000000000000e+07 3.150000000000000000e+03 9.000000000000000000e+00
7.000000000000000000e+00 1.050000000000000000e+07 3.150000000000000000e+03 9.500000000000000000e+00
7.000000000000000000e+00 1.050000000000000000e+07 3.150000000000000000e+03 1.000000000000000000e+01
7.000000000000000000e+00 1.050000000000000000e+07 3.150000000000000000e+03 1.050000000000000000e+01
7.000000000000000000e+00 1.050000000000000000e+07 3.150000000000000000e+03 1.100000000000000000e+01
7.000000000000000000e+00 1.050000000000000000e+07 3.300000000000000000e+03 9.000000000000000000e+00
7.000000000000000000e+00 1.050000000000000000e+07 3.300000000000000000e+03 9.500000000000000000e+00
7.000000000000000000e+00 1.050000000000000000e+07 3.300000000000000000e+03 1.000000000000000000e+01
7.000000000000000000e+00 1.050000000000000000e+07 3.300000000000000000e+03 1.050000000000000000e+01
7.000000000000000000e+00 1.050000000000000000e+07 3.300000000000000000e+03 1.100000000000000000e+01
7.000000000000000000e+00 1.100000000000000000e+07 2.700000000000000000e+03 9.000000000000000000e+00
7.000000000000000000e+00 1.100000000000000000e+07 2.700000000000000000e+03 9.500000000000000000e+00
7.000000000000000000e+00 1.100000000000000000e+07 2.700000000000000000e+03 1.000000000000000000e+01
7.000000000000000000e+00 1.100000000000000000e+07 2.700000000000000000e+03 1.050000000000000000e+01
7.000000000000000000e+00 1.100000000000000000e+07 2.700000000000000000e+03 1.100000000000000000e+01
7.000000000000000000e+00 1.100000000000000000e+07 2.850000000000000000e+03 9.000000000000000000e+00
7.000000000000000000e+00 1.100000000000000000e+07 2.850000000000000000e+03 9.500000000000000000e+00
7.000000000000000000e+00 1.100000000000000000e+07 2.850000000000000000e+03 1.000000000000000000e+01
7.000000000000000000e+00 1.100000000000000000e+07 2.850000000000000000e+03 1.050000000000000000e+01
7.000000000000000000e+00 1.100000000000000000e+07 2.850000000000000000e+03 1.100000000000000000e+01
7.000000000000000000e+00 1.100000000000000000e+07 3.000000000000000000e+03 9.000000000000000000e+00
7.000000000000000000e+00 1.100000000000000000e+07 3.000000000000000000e+03 9.500000000000000000e+00
7.000000000000000000e+00 1.100000000000000000e+07 3.000000000000000000e+03 1.000000000000000000e+01
7.000000000000000000e+00 1.100000000000000000e+07 3.000000000000000000e+03 1.050000000000000000e+01
7.000000000000000000e+00 1.100000000000000000e+07 3.000000000000000000e+03 1.100000000000000000e+01
7.000000000000000000e+00 1.100000000000000000e+07 3.150000000000000000e+03 9.000000000000000000e+00
7.000000000000000000e+00 1.100000000000000000e+07 3.150000000000000000e+03 9.500000000000000000e+00
7.000000000000000000e+00 1.100000000000000000e+07 3.150000000000000000e+03 1.000000000000000000e+01
7.000000000000000000e+00 1.100000000000000000e+07 3.150000000000000000e+03 1.050000000000000000e+01
7.000000000000000000e+00 1.100000000000000000e+07 3.150000000000000000e+03 1.100000000000000000e+01
7.000000000000000000e+00 1.100000000000000000e+07 3.300000000000000000e+03 9.000000000000000000e+00
7.000000000000000000e+00 1.100000000000000000e+07 3.300000000000000000e+03 9.500000000000000000e+00
7.000000000000000000e+00 1.100000000000000000e+07 3.300000000000000000e+03 1.000000000000000000e+01
7.000000000000000000e+00 1.100000000000000000e+07 3.300000000000000000e+03 1.050000000000000000e+01
7.000000000000000000e+00 1.100000000000000000e+07 3.300000000000000000e+03 1.100000000000000000e+01
7.349999999999999645e+00 9.000000000000000000e+06 2.700000000000000000e+03 9.000000000000000000e+00
7.349999999999999645e+00 9.000000000000000000e+06 2.700000000000000000e+03 9.500000000000000000e+00
7.349999999999999645e+00 9.000000000000000000e+06 2.700000000000000000e+03 1.000000000000000000e+01
7.349999999999999645e+00 9.000000000000000000e+06 2.700000000000000000e+03 1.050000000000000000e+01
7.349999999999999645e+00 9.000000000000000000e+06 2.700000000000000000e+03 1.100000000000000000e+01
7.349999999999999645e+00 9.000000000000000000e+06 2.850000000000000000e+03 9.000000000000000000e+00
7.349999999999999645e+00 9.000000000000000000e+06 2.850000000000000000e+03 9.500000000000000000e+00
7.349999999999999645e+00 9.000000000000000000e+06 2.850000000000000000e+03 1.000000000000000000e+01
7.349999999999999645e+00 9.000000000000000000e+06 2.850000000000000000e+03 1.050000000000000000e+01
7.349999999999999645e+00 9.000000000000000000e+06 2.850000000000000000e+03 1.100000000000000000e+01
7.349999999999999645e+00 9.000000000000000000e+06 3.000000000000000000e+03 9.000000000000000000e+00
7.349999999999999645e+00 9.000000000000000000e+06 3.000000000000000000e+03 9.500000000000000000e+00
7.349999999999999645e+00 9.000000000000000000e+06 3.000000000000000000e+03 1.000000000000000000e+01
7.349999999999999645e+00 9.000000000000000000e+06 3.000000000000000000e+03 1.050000000000000000e+01
7.349999999999999645e+00 9.000000000000000000e+06 3.000000000000000000e+03 1.100000000000000000e+01
7.349999999999999645e+00 9.000000000000000000e+06 3.150000000000000000e+03 9.000000000000000000e+00
7.349999999999999645e+00 9.000000000000000000e+06 3.150000000000000000e+03 9.500000000000000000e+00
7.349999999999999645e+00 9.000000000000000000e+06 3.150000000000000000e+03 1.000000000000000000e+01
7.349999999999999645e+00 9.000000000000000000e+06 3.150000000000000000e+03 1.050000000000000000e+01
7.349999999999999645e+00 9.000000000000000000e+06 3.150000000000000000e+03 1.100000000000000000e+01
7.349999999999999645e+00 9.000000000000000000e+06 3.300000000000000000e+03 9.000000000000000000e+00
7.349999999999999645e+00 9.000000000000000000e+06 3.300000000000000000e+03 9.500000000000000000e+00
7.349999999999999645e+00 9.000000000000000000e+06 3.300000000000000000e+03 1.000000000000000000e+01
7.349999999999999645e+00 9.000000000000000000e+06 3.300000000000000000e+03 1.050000000000000000e+01
7.349999999999999645e+00 9.000000000000000000e+06 3.300000000000000000e+03 1.100000000000000000e+01
7.349999999999999645e+00 9.500000000000000000e+06 2.700000000000000000e+03 9.000000000000000000e+00
7.349999999999999645e+00 9.500000000000000000e+06 2.700000000000000000e+03 9.500000000000000000e+00
7.349999999999999645e+00 9.500000000000000000e+06 2.700000000000000000e+03 1.000000000000000000e+01
7.349999999999999645e+00 9.500000000000000000e+06 2.700000000000000000e+03 1.050000000000000000e+01
7.349999999999999645e+00 9.500000000000000000e+06 2.700000000000000000e+03 1.100000000000000000e+01
7.349999999999999645e+00 9.500000000000000000e+06 2.850000000000000000e+03 9.000000000000000000e+00
7.349999999999999645e+00 9.500000000000000000e+06 2.850000000000000000e+03 9.500000000000000000e+00
7.349999999999999645e+00 9.500000000000000000e+06 2.850000000000000000e+03 1.000000000000000000e+01
7.349999999999999645e+00 9.500000000000000000e+06 2.850000000000000000e+03 1.050000000000000000e+01
7.349999999999999645e+00 9.500000000000000000e+06 2.850000000000000000e+03 1.100000000000000000e+01
7.349999999999999645e+00 9.500000000000000000e+06 3.000000000000000000e+03 9.000000000000000000e+00
7.349999999999999645e+00 9.500000000000000000e+06 3.000000000000000000e+03 9.500000000000000000e+00
7.349999999999999645e+00 9.500000000000000000e+06 3.000000000000000000e+03 1.000000000000000000e+01
7.349999999999999645e+00 9.500000000000000000e+06 3.000000000000000000e+03 1.050000000000000000e+01
7.349999999999999645e+00 9.500000000000000000e+06 3.000000000000000000e+03 1.100000000000000000e+01
7.349999999999999645e+00 9.500000000000000000e+06 3.150000000000000000e+03 9.000000000000000000e+00
7.349999999999999645e+00 9.500000000000000000e+06 3.150000000000000000e+03 9.500000000000000000e+00
7.349999999999999645e+00 9.500000000000000000e+06 3.150000000000000000e+03 1.000000000000000000e+01
7.349999999999999645e+00 9.500000000000000000e+06 3.150000000000000000e+03 1.050000000000000000e+01
7.349999999999999645e+00 9.500000000000000000e+06 3.150000000000000000e+03 1.100000000000000000e+01
7.349999999999999645e+00 9.500000000000000000e+06 3.300000000000000000e+03 9.000000000000000000e+00
7.349999999999999645e+00 9.500000000000000000e+06 3.300000000000000000e+03 9.500000000000000000e+00
7.349999999999999645e+00 9.500000000000000000e+06 3.300000000000000000e+03 1.000000000000000000e+01
7.349999999999999645e+00 9.500000000000000000e+06 3.300000000000000000e+03 1.050000000000000000e+01
7.349999999999999645e+00 9.500000000000000000e+06 3.300000000000000000e+03 1.100000000000000000e+01
7.349999999999999645e+00 1.000000000000000000e+07 2.700000000000000000e+03 9.000000000000000000e+00
7.349999999999999645e+00 1.000000000000000000e+07 2.700000000000000000e+03 9.500000000000000000e+00
7.349999999999999645e+00 1.000000000000000000e+07 2.700000000000000000e+03 1.000000000000000000e+01
7.349999999999999645e+00 1.000000000000000000e+07 2.700000000000000000e+03 1.050000000000000000e+01
7.349999999999999645e+00 1.000000000000000000e+07 2.700000000000000000e+03 1.100000000000000000e+01
7.349999999999999645e+00 1.000000000000000000e+07 2.850000000000000000e+03 9.000000000000000000e+00
7.349999999999999645e+00 1.000000000000000000e+07 2.850000000000000000e+03 9.500000000000000000e+00
7.349999999999999645e+00 1.000000000000000000e+07 2.850000000000000000e+03 1.000000000000000000e+01
7.349999999999999645e+00 1.000000000000000000e+07 2.850000000000000000e+03 1.050000000000000000e+01
7.349999999999999645e+00 1.000000000000000000e+07 2.850000000000000000e+03 1.100000000000000000e+01
7.349999999999999645e+00 1.000000000000000000e+07 3.000000000000000000e+03 9.000000000000000000e+00
7.349999999999999645e+00 1.000000000000000000e+07 3.000000000000000000e+03 9.500000000000000000e+00
7.349999999999999645e+00 1.000000000000000000e+07 3.000000000000000000e+03 1.000000000000000000e+01
7.349999999999999645e+00 1.000000000000000000e+07 3.000000000000000000e+03 1.050000000000000000e+01
7.349999999999999645e+00 1.000000000000000000e+07 3.000000000000000000e+03 1.100000000000000000e+01
7.349999999999999645e+00 1.000000000000000000e+07 3.150000000000000000e+03 9.000000000000000000e+00
7.349999999999999645e+00 1.000000000000000000e+07 3.150000000000000000e+03 9.500000000000000000e+00
7.349999999999999645e+00 1.000000000000000000e+07 3.150000000000000000e+03 1.000000000000000000e+01
7.349999999999999645e+00 1.000000000000000000e+07 3.150000000000000000e+03 1.050000000000000000e+01
7.349999999999999645e+00 1.000000000000000000e+07 3.150000000000000000e+03 1.100000000000000000e+01
7.349999999999999645e+00 1.000000000000000000e+07 3.300000000000000000e+03 9.000000000000000000e+00
7.349999999999999645e+00 1.000000000000000000e+07 3.300000000000000000e+03 9.500000000000000000e+00
7.349999999999999645e+00 1.000000000000000000e+07 3.300000000000000000e+03 1.000000000000000000e+01
7.349999999999999645e+00 1.000000000000000000e+07 3.300000000000000000e+03 1.050000000000000000e+01
7.349999999999999645e+00 1.000000000000000000e+07 3.300000000000000000e+03 1.100000000000000000e+01
7.349999999999999645e+00 1.050000000000000000e+07 2.700000000000000000e+03 9.000000000000000000e+00
7.349999999999999645e+00 1.050000000000000000e+07 2.700000000000000000e+03 9.500000000000000000e+00
7.349999999999999645e+00 1.050000000000000000e+07 2.700000000000000000e+03 1.000000000000000000e+01
7.349999999999999645e+00 1.050000000000000000e+07 2.700000000000000000e+03 1.050000000000000000e+01
7.349999999999999645e+00 1.050000000000000000e+07 2.700000000000000000e+03 1.100000000000000000e+01
7.349999999999999645e+00 1.050000000000000000e+07 2.850000000000000000e+03 9.000000000000000000e+00
7.349999999999999645e+00 1.050000000000000000e+07 2.850000000000000000e+03 9.500000000000000000e+00
7.349999999999999645e+00 1.050000000000000000e+07 2.850000000000000000e+03 1.000000000000000000e+01
7.349999999999999645e+00 1.050000000000000000e+07 2.850000000000000000e+03 1.050000000000000000e+01
7.349999999999999645e+00 1.050000000000000000e+07 2.850000000000000000e+03 1.100000000000000000e+01
7.349999999999999645e+00 1.050000000000000000e+07 3.000000000000000000e+03 9.000000000000000000e+00
7.349999999999999645e+00 1.050000000000000000e+07 3.000000000000000000e+03 9.500000000000000000e+00
7.349999999999999645e+00 1.050000000000000000e+07 3.000000000000000000e+03 1.000000000000000000e+01
7.349999999999999645e+00 1.050000000000000000e+07 3.000000000000000000e+03 1.050000000000000000e+01
7.349999999999999645e+00 1.050000000000000000e+07 3.000000000000000000e+03 1.100000000000000000e+01
7.349999999999999645e+00 1.050000000000000000e+07 3.150000000000000000e+03 9.000000000000000000e+00
7.349999999999999645e+00 1.050000000000000000e+07 3.150000000000000000e+03 9.500000000000000000e+00
7.349999999999999645e+00 1.050000000000000000e+07 3.150000000000000000e+03 1.000000000000000000e+01
7.349999999999999645e+00 1.050000000000000000e+07 3.150000000000000000e+03 1.050000000000000000e+01
7.349999999999999645e+00 1.050000000000000000e+07 3.150000000000000000e+03 1.100000000000000000e+01
7.349999999999999645e+00 1.050000000000000000e+07 3.300000000000000000e+03 9.000000000000000000e+00
7.349999999999999645e+00 1.050000000000000000e+07 3.300000000000000000e+03 9.500000000000000000e+00
7.349999999999999645e+00 1.050000000000000000e+07 3.300000000000000000e+03 1.000000000000000000e+01
7.349999999999999645e+00 1.050000000000000000e+07 3.300000000000000000e+03 1.050000000000000000e+01
7.349999999999999645e+00 1.050000000000000000e+07 3.300000000000000000e+03 1.100000000000000000e+01
7.349999999999999645e+00 1.100000000000000000e+07 2.700000000000000000e+03 9.000000000000000000e+00
7.349999999999999645e+00 1.100000000000000000e+07 2.700000000000000000e+03 9.500000000000000000e+00
7.349999999999999645e+00 1.100000000000000000e+07 2.700000000000000000e+03 1.000000000000000000e+01
7.349999999999999645e+00 1.100000000000000000e+07 2.700000000000000000e+03 1.050000000000000000e+01
7.349999999999999645e+00 1.100000000000000000e+07 2.700000000000000000e+03 1.100000000000000000e+01
7.349999999999999645e+00 1.100000000000000000e+07 2.850000000000000000e+03 9.000000000000000000e+00
7.349999999999999645e+00 1.100000000000000000e+07 2.850000000000000000e+03 9.500000000000000000e+00
7.349999999999999645e+00 1.100000000000000000e+07 2.850000000000000000e+03 1.000000000000000000e+01
7.349999999999999645e+00 1.100000000000000000e+07 2.850000000000000000e+03 1.050000000000000000e+01
7.349999999999999645e+00 1.100000000000000000e+07 2.850000000000000000e+03 1.100000000000000000e+01
7.349999999999999645e+00 1.100000000000000000e+07 3.000000000000000000e+03 9.000000000000000000e+00
7.349999999999999645e+00 1.100000000000000000e+07 3.000000000000000000e+03 9.500000000000000000e+00
7.349999999999999645e+00 1.100000000000000000e+07 3.000000000000000000e+03 1.000000000000000000e+01
7.349999999999999645e+00 1.100000000000000000e+07 3.000000000000000000e+03 1.050000000000000000e+01
7.349999999999999645e+00 1.100000000000000000e+07 3.000000000000000000e+03 1.100000000000000000e+01
7.349999999999999645e+00 1.100000000000000000e+07 3.150000000000000000e+03 9.000000000000000000e+00
7.349999999999999645e+00 1.100000000000000000e+07 3.150000000000000000e+03 9.500000000000000000e+00
7.349999999999999645e+00 1.100000000000000000e+07 3.150000000000000000e+03 1.000000000000000000e+01
7.349999999999999645e+00 1.100000000000000000e+07 3.150000000000000000e+03 1.050000000000000000e+01
7.349999999999999645e+00 1.100000000000000000e+07 3.150000000000000000e+03 1.100000000000000000e+01
7.349999999999999645e+00 1.100000000000000000e+07 3.300000000000000000e+03 9.000000000000000000e+00
7.349999999999999645e+00 1.100000000000000000e+07 3.300000000000000000e+03 9.500000000000000000e+00
7.349999999999999645e+00 1.100000000000000000e+07 3.300000000000000000e+03 1.000000000000000000e+01
7.349999999999999645e+00 1.100000000000000000e+07 3.300000000000000000e+03 1.050000000000000000e+01
7.349999999999999645e+00 1.100000000000000000e+07 3.300000000000000000e+03 1.100000000000000000e+01
7.700000000000000178e+00 9.000000000000000000e+06 2.700000000000000000e+03 9.000000000000000000e+00
7.700000000000000178e+00 9.000000000000000000e+06 2.700000000000000000e+03 9.500000000000000000e+00
7.700000000000000178e+00 9.000000000000000000e+06 2.700000000000000000e+03 1.000000000000000000e+01
7.700000000000000178e+00 9.000000000000000000e+06 2.700000000000000000e+03 1.050000000000000000e+01
7.700000000000000178e+00 9.000000000000000000e+06 2.700000000000000000e+03 1.100000000000000000e+01
7.700000000000000178e+00 9.000000000000000000e+06 2.850000000000000000e+03 9.000000000000000000e+00
7.700000000000000178e+00 9.000000000000000000e+06 2.850000000000000000e+03 9.500000000000000000e+00
7.700000000000000178e+00 9.000000000000000000e+06 2.850000000000000000e+03 1.000000000000000000e+01
7.700000000000000178e+00 9.000000000000000000e+06 2.850000000000000000e+03 1.050000000000000000e+01
7.700000000000000178e+00 9.000000000000000000e+06 2.850000000000000000e+03 1.100000000000000000e+01
7.700000000000000178e+00 9.000000000000000000e+06 3.000000000000000000e+03 9.000000000000000000e+00
7.700000000000000178e+00 9.000000000000000000e+06 3.000000000000000000e+03 9.500000000000000000e+00
7.700000000000000178e+00 9.000000000000000000e+06 3.000000000000000000e+03 1.000000000000000000e+01
7.700000000000000178e+00 9.000000000000000000e+06 3.000000000000000000e+03 1.050000000000000000e+01
7.700000000000000178e+00 9.000000000000000000e+06 3.000000000000000000e+03 1.100000000000000000e+01
7.700000000000000178e+00 9.000000000000000000e+06 3.150000000000000000e+03 9.000000000000000000e+00
7.700000000000000178e+00 9.000000000000000000e+06 3.150000000000000000e+03 9.500000000000000000e+00
7.700000000000000178e+00 9.000000000000000000e+06 3.150000000000000000e+03 1.000000000000000000e+01
7.700000000000000178e+00 9.000000000000000000e+06 3.150000000000000000e+03 1.050000000000000000e+01
7.700000000000000178e+00 9.000000000000000000e+06 3.150000000000000000e+03 1.100000000000000000e+01
7.700000000000000178e+00 9.000000000000000000e+06 3.300000000000000000e+03 9.000000000000000000e+00
7.700000000000000178e+00 9.000000000000000000e+06 3.300000000000000000e+03 9.500000000000000000e+00
7.700000000000000178e+00 9.000000000000000000e+06 3.300000000000000000e+03 1.000000000000000000e+01
7.700000000000000178e+00 9.000000000000000000e+06 3.300000000000000000e+03 1.050000000000000000e+01
7.700000000000000178e+00 9.000000000000000000e+06 3.300000000000000000e+03 1.100000000000000000e+01
7.700000000000000178e+00 9.500000000000000000e+06 2.700000000000000000e+03 9.000000000000000000e+00
7.700000000000000178e+00 9.500000000000000000e+06 2.700000000000000000e+03 9.500000000000000000e+00
7.700000000000000178e+00 9.500000000000000000e+06 2.700000000000000000e+03 1.000000000000000000e+01
7.700000000000000178e+00 9.500000000000000000e+06 2.700000000000000000e+03 1.050000000000000000e+01
7.700000000000000178e+00 9.500000000000000000e+06 2.700000000000000000e+03 1.100000000000000000e+01
7.700000000000000178e+00 9.500000000000000000e+06 2.850000000000000000e+03 9.000000000000000000e+00
7.700000000000000178e+00 9.500000000000000000e+06 2.850000000000000000e+03 9.500000000000000000e+00
7.700000000000000178e+00 9.500000000000000000e+06 2.850000000000000000e+03 1.000000000000000000e+01
7.700000000000000178e+00 9.500000000000000000e+06 2.850000000000000000e+03 1.050000000000000000e+01
7.700000000000000178e+00 9.500000000000000000e+06 2.850000000000000000e+03 1.100000000000000000e+01
7.700000000000000178e+00 9.500000000000000000e+06 3.000000000000000000e+03 9.000000000000000000e+00
7.700000000000000178e+00 9.500000000000000000e+06 3.000000000000000000e+03 9.500000000000000000e+00
7.700000000000000178e+00 9.500000000000000000e+06 3.000000000000000000e+03 1.000000000000000000e+01
7.700000000000000178e+00 9.500000000000000000e+06 3.000000000000000000e+03 1.050000000000000000e+01
7.700000000000000178e+00 9.500000000000000000e+06 3.000000000000000000e+03 1.100000000000000000e+01
7.700000000000000178e+00 9.500000000000000000e+06 3.150000000000000000e+03 9.000000000000000000e+00
7.700000000000000178e+00 9.500000000000000000e+06 3.150000000000000000e+03 9.500000000000000000e+00
7.700000000000000178e+00 9.500000000000000000e+06 3.150000000000000000e+03 1.000000000000000000e+01
7.700000000000000178e+00 9.500000000000000000e+06 3.150000000000000000e+03 1.050000000000000000e+01
7.700000000000000178e+00 9.500000000000000000e+06 3.150000000000000000e+03 1.100000000000000000e+01
7.700000000000000178e+00 9.500000000000000000e+06 3.300000000000000000e+03 9.000000000000000000e+00
7.700000000000000178e+00 9.500000000000000000e+06 3.300000000000000000e+03 9.500000000000000000e+00
7.700000000000000178e+00 9.500000000000000000e+06 3.300000000000000000e+03 1.000000000000000000e+01
7.700000000000000178e+00 9.500000000000000000e+06 3.300000000000000000e+03 1.050000000000000000e+01
7.700000000000000178e+00 9.500000000000000000e+06 3.300000000000000000e+03 1.100000000000000000e+01
7.700000000000000178e+00 1.000000000000000000e+07 2.700000000000000000e+03 9.000000000000000000e+00
7.700000000000000178e+00 1.000000000000000000e+07 2.700000000000000000e+03 9.500000000000000000e+00
7.700000000000000178e+00 1.000000000000000000e+07 2.700000000000000000e+03 1.000000000000000000e+01
7.700000000000000178e+00 1.000000000000000000e+07 2.700000000000000000e+03 1.050000000000000000e+01
7.700000000000000178e+00 1.000000000000000000e+07 2.700000000000000000e+03 1.100000000000000000e+01
7.700000000000000178e+00 1.000000000000000000e+07 2.850000000000000000e+03 9.000000000000000000e+00
7.700000000000000178e+00 1.000000000000000000e+07 2.850000000000000000e+03 9.500000000000000000e+00
7.700000000000000178e+00 1.000000000000000000e+07 2.850000000000000000e+03 1.000000000000000000e+01
7.700000000000000178e+00 1.000000000000000000e+07 2.850000000000000000e+03 1.050000000000000000e+01
7.700000000000000178e+00 1.000000000000000000e+07 2.850000000000000000e+03 1.100000000000000000e+01
7.700000000000000178e+00 1.000000000000000000e+07 3.000000000000000000e+03 9.000000000000000000e+00
7.700000000000000178e+00 1.000000000000000000e+07 3.000000000000000000e+03 9.500000000000000000e+00
7.700000000000000178e+00 1.000000000000000000e+07 3.000000000000000000e+03 1.000000000000000000e+01
7.700000000000000178e+00 1.000000000000000000e+07 3.000000000000000000e+03 1.050000000000000000e+01
7.700000000000000178e+00 1.000000000000000000e+07 3.000000000000000000e+03 1.100000000000000000e+01
7.700000000000000178e+00 1.000000000000000000e+07 3.150000000000000000e+03 9.000000000000000000e+00
7.700000000000000178e+00 1.000000000000000000e+07 3.150000000000000000e+03 9.500000000000000000e+00
7.700000000000000178e+00 1.000000000000000000e+07 3.150000000000000000e+03 1.000000000000000000e+01
7.700000000000000178e+00 1.000000000000000000e+07 3.150000000000000000e+03 1.050000000000000000e+01
7.700000000000000178e+00 1.000000000000000000e+07 3.150000000000000000e+03 1.100000000000000000e+01
7.700000000000000178e+00 1.000000000000000000e+07 3.300000000000000000e+03 9.000000000000000000e+00
7.700000000000000178e+00 1.000000000000000000e+07 3.300000000000000000e+03 9.500000000000000000e+00
7.700000000000000178e+00 1.000000000000000000e+07 3.300000000000000000e+03 1.000000000000000000e+01
7.700000000000000178e+00 1.000000000000000000e+07 3.300000000000000000e+03 1.050000000000000000e+01
7.700000000000000178e+00 1.000000000000000000e+07 3.300000000000000000e+03 1.100000000000000000e+01
7.700000000000000178e+00 1.050000000000000000e+07 2.700000000000000000e+03 9.000000000000000000e+00
7.700000000000000178e+00 1.050000000000000000e+07 2.700000000000000000e+03 9.500000000000000000e+00
7.700000000000000178e+00 1.050000000000000000e+07 2.700000000000000000e+03 1.000000000000000000e+01
7.700000000000000178e+00 1.050000000000000000e+07 2.700000000000000000e+03 1.050000000000000000e+01
7.700000000000000178e+00 1.050000000000000000e+07 2.700000000000000000e+03 1.100000000000000000e+01
7.700000000000000178e+00 1.050000000000000000e+07 2.850000000000000000e+03 9.000000000000000000e+00
7.700000000000000178e+00 1.050000000000000000e+07 2.850000000000000000e+03 9.500000000000000000e+00
7.700000000000000178e+00 1.050000000000000000e+07 2.850000000000000000e+03 1.000000000000000000e+01
7.700000000000000178e+00 1.050000000000000000e+07 2.850000000000000000e+03 1.050000000000000000e+01
7.700000000000000178e+00 1.050000000000000000e+07 2.850000000000000000e+03 1.100000000000000000e+01
7.700000000000000178e+00 1.050000000000000000e+07 3.000000000000000000e+03 9.000000000000000000e+00
7.700000000000000178e+00 1.050000000000000000e+07 3.000000000000000000e+03 9.500000000000000000e+00
7.700000000000000178e+00 1.050000000000000000e+07 3.000000000000000000e+03 1.000000000000000000e+01
7.700000000000000178e+00 1.050000000000000000e+07 3.000000000000000000e+03 1.050000000000000000e+01
7.700000000000000178e+00 1.050000000000000000e+07 3.000000000000000000e+03 1.100000000000000000e+01
7.700000000000000178e+00 1.050000000000000000e+07 3.150000000000000000e+03 9.000000000000000000e+00
7.700000000000000178e+00 1.050000000000000000e+07 3.150000000000000000e+03 9.500000000000000000e+00
7.700000000000000178e+00 1.050000000000000000e+07 3.150000000000000000e+03 1.000000000000000000e+01
7.700000000000000178e+00 1.050000000000000000e+07 3.150000000000000000e+03 1.050000000000000000e+01
7.700000000000000178e+00 1.050000000000000000e+07 3.150000000000000000e+03 1.100000000000000000e+01
7.700000000000000178e+00 1.050000000000000000e+07 3.300000000000000000e+03 9.000000000000000000e+00
7.700000000000000178e+00 1.050000000000000000e+07 3.300000000000000000e+03 9.500000000000000000e+00
7.700000000000000178e+00 1.050000000000000000e+07 3.300000000000000000e+03 1.000000000000000000e+01
7.700000000000000178e+00 1.050000000000000000e+07 3.300000000000000000e+03 1.050000000000000000e+01
7.700000000000000178e+00 1.050000000000000000e+07 3.300000000000000000e+03 1.100000000000000000e+01
7.700000000000000178e+00 1.100000000000000000e+07 2.700000000000000000e+03 9.000000000000000000e+00
7.700000000000000178e+00 1.100000000000000000e+07 2.700000000000000000e+03 9.500000000000000000e+00
7.700000000000000178e+00 1.100000000000000000e+07 2.700000000000000000e+03 1.000000000000000000e+01
7.700000000000000178e+00 1.100000000000000000e+07 2.700000000000000000e+03 1.050000000000000000e+01
7.700000000000000178e+00 1.100000000000000000e+07 2.700000000000000000e+03 1.100000000000000000e+01
7.700000000000000178e+00 1.100000000000000000e+07 2.850000000000000000e+03 9.000000000000000000e+00
7.700000000000000178e+00 1.100000000000000000e+07 2.850000000000000000e+03 9.500000000000000000e+00
7.700000000000000178e+00 1.100000000000000000e+07 2.850000000000000000e+03 1.000000000000000000e+01
7.700000000000000178e+00 1.100000000000000000e+07 2.850000000000000000e+03 1.050000000000000000e+01
7.700000000000000178e+00 1.100000000000000000e+07 2.850000000000000000e+03 1.100000000000000000e+01
7.700000000000000178e+00 1.100000000000000000e+07 3.000000000000000000e+03 9.000000000000000000e+00
7.700000000000000178e+00 1.100000000000000000e+07 3.000000000000000000e+03 9.500000000000000000e+00
7.700000000000000178e+00 1.100000000000000000e+07 3.000000000000000000e+03 1.000000000000000000e+01
7.700000000000000178e+00 1.100000000000000000e+07 3.000000000000000000e+03 1.050000000000000000e+01
7.700000000000000178e+00 1.100000000000000000e+07 3.000000000000000000e+03 1.100000000000000000e+01
7.700000000000000178e+00 1.100000000000000000e+07 3.150000000000000000e+03 9.000000000000000000e+00
7.700000000000000178e+00 1.100000000000000000e+07 3.150000000000000000e+03 9.500000000000000000e+00
7.700000000000000178e+00 1.100000000000000000e+07 3.150000000000000000e+03 1.000000000000000000e+01
7.700000000000000178e+00 1.100000000000000000e+07 3.150000000000000000e+03 1.050000000000000000e+01
7.700000000000000178e+00 1.100000000000000000e+07 3.150000000000000000e+03 1.100000000000000000e+01
7.700000000000000178e+00 1.100000000000000000e+07 3.300000000000000000e+03 9.000000000000000000e+00
7.700000000000000178e+00 1.100000000000000000e+07 3.300000000000000000e+03 9.500000000000000000e+00
7.700000000000000178e+00 1.100000000000000000e+07 3.300000000000000000e+03 1.000000000000000000e+01
7.700000000000000178e+00 1.100000000000000000e+07 3.300000000000000000e+03 1.050000000000000000e+01
7.700000000000000178e+00 1.100000000000000000e+07 3.300000000000000000e+03 1.100000000000000000e+01
