3.618616567917423001e-07
3.083815184434812123e-07
3.590752098522607235e-07
3.696831031670672884e-07
3.411283118963934206e-07
3.341911860113145777e-07
2.788029289169177864e-07
3.254795856519254759e-07
3.822002056307389255e-07
3.675676916179265132e-07
2.675699140712821756e-07
3.263030735114141749e-07
3.194983386363316770e-07
3.594755600517066244e-07
3.644002397837401844e-07
2.401858022533209795e-07
2.770031149121622888e-07
3.139556686489632880e-07
3.483328556390630949e-07
3.717674454260476158e-07
2.493968837278959820e-07
3.017622596123887924e-07
3.120149912564707226e-07
3.450471340265073822e-07
3.468671296321088154e-07
3.488009013431647967e-07
3.022596675417951132e-07
3.676878639567255761e-07
3.357366100624908073e-07
4.332888075303730128e-07
2.855325801429026953e-07
3.090477255964242050e-07
3.976451101358645746e-07
3.972448548947668084e-07
3.929047455656256114e-07
3.740759597875056199e-07
3.016775335214320892e-07
3.552123463530195120e-07
3.465314864683712198e-07
2.793494711700350980e-07
2.377244693521285888e-07
2.954724803637323931e-07
3.085406692148446927e-07
3.113132310537453198e-07
3.318884463312551207e-07
2.392330868986390944e-07
2.934140417104274168e-07
3.081248487452501786e-07
3.128348606710221248e-07
3.506440111470373095e-07
3.160206886926711993e-07
2.826833940675750882e-07
5.355506837300663170e-07
3.891744964228446050e-07
4.314775004613595038e-07
2.710223693116855905e-07
3.519037089807964154e-07
3.399802681233170092e-07
3.506160445764270917e-07
3.493051467689104801e-07
3.151527607403351907e-07
3.600490855256147157e-07
3.301179600078640182e-07
3.239732844300832122e-07
4.038779255129491018e-07
2.872033552076030885e-07
3.024079064225250152e-07
3.591724754358261761e-07
3.155172008317007143e-07
3.330396717505070784e-07
2.059966121507072092e-07
2.999103528110093208e-07
3.091332355713911132e-07
2.964194268282417189e-07
3.213252155578873843e-07
2.702266862310811238e-07
3.137142154339123852e-07
3.551698303241970848e-07
3.222849226615217852e-07
4.463999835744744918e-07
2.909273202232869817e-07
3.237987265124142873e-07
3.532994037035815901e-07
3.258023648632046772e-07
3.223257790954360918e-07
2.791704974843144148e-07
3.232114619232754941e-07
3.144860576078713908e-07
3.254487591376665087e-07
3.078535441368411756e-07
2.471195260984362198e-07
2.891623646673203779e-07
3.342382128997331995e-07
3.071386750708360888e-07
3.137947264890837030e-07
3.090710981350256943e-07
2.772134697041499929e-07
2.810879840984387052e-07
2.733090391862682211e-07
3.194711043411207837e-07
3.184725209745206188e-07
2.554628074344102742e-07
3.107828039984125955e-07
3.379314252495281143e-07
3.381204890563891934e-07
3.353768065920958134e-07
2.707264626611651924e-07
2.709859278042285759e-07
4.151314913304001245e-07
3.483597178704910050e-07
2.551966397316377242e-07
3.074798121437737883e-07
2.917339794077993143e-07
3.583623195463278159e-07
3.651058457378969150e-07
2.622638563168796103e-07
2.354583241203730967e-07
3.479944076161897147e-07
3.397531462413162839e-07
3.198350225306265744e-07
2.853493354326684204e-07
2.368125328584932905e-07
2.897651359626262773e-07
2.961240731934190060e-07
3.739356755892888746e-07
2.584556978483786256e-07
3.615993237423432100e-07
3.348922557825324775e-07
3.875798569415746231e-07
3.137344127046776861e-07
3.152971096998812147e-07
4.279825207645490186e-07
3.619154408185202067e-07
3.432727246034675223e-07
4.911399068623549981e-07
2.793535288322025746e-07
3.651936143830288119e-07
3.249429646709147882e-07
2.968473577113921177e-07
3.709621086135519200e-07
3.212884052662536084e-07
3.233052985607776247e-07
3.468760600101513139e-07
3.286562782400575853e-07
3.472705651681908823e-07
3.027305348979605813e-07
3.162404416599452231e-07
3.259641931043404881e-07
3.707760427420761198e-07
3.067937785827990105e-07
3.479011174702620122e-07
3.775326060632844222e-07
3.035012444108893803e-07
3.383288696368719097e-07
3.253086164089684196e-07
4.135846270227986106e-07
3.684315673711949218e-07
2.803422834753111131e-07
3.682958038102901978e-07
3.452408292791179787e-07
2.379692305386434899e-07
2.763620066200271035e-07
2.998951265010726964e-07
4.012466099991853737e-07
3.313606037978510785e-07
2.589704565945091938e-07
3.097611439857971200e-07
3.389272068921602762e-07
3.355556108012469836e-07
3.464008211673975251e-07
3.240540634501386809e-07
3.028777410837136765e-07
2.687273356537110897e-07
3.055154465276016785e-07
3.924641011376432861e-07
2.475519413997546218e-07
2.772803956405026066e-07
3.426122461196390264e-07
3.903434813726619004e-07
3.813594103239488083e-07
2.835677017032557905e-07
2.766108712908102035e-07
3.144923775053098916e-07
3.413198108772155244e-07
3.698111962801154879e-07
3.242680582008141750e-07
3.838974302359682760e-07
3.020937246435411000e-07
4.222433912129418264e-07
3.833655297101728099e-07
2.675790410592833925e-07
3.702601353370311223e-07
3.118135930040627883e-07
3.727202979765712150e-07
3.477550242587564824e-07
2.730378682334314910e-07
2.962016207666476865e-07
3.205405106685800797e-07
3.547971304903636180e-07
3.652652486260447066e-07
2.795024266308332870e-07
3.076009632250411171e-07
3.437871712357619245e-07
3.401906130944235051e-07
3.814937648233023189e-07
3.170999580460312185e-07
3.080908824294689162e-07
3.110152376943067878e-07
3.149239286967871150e-07
3.987160106158090908e-07
2.903709158323394230e-07
2.846885275183238065e-07
3.257437455362734829e-07
3.151436685800474934e-07
3.391396996936923739e-07
2.972127865007217737e-07
3.488327620649981795e-07
2.664652243308119099e-07
3.208849318932230226e-07
3.346397168800587747e-07
2.706995717219083809e-07
2.832422980273471057e-07
2.673646139360755236e-07
3.189934510022740167e-07
3.000634384148561761e-07
2.623885196128075156e-07
3.509223441019427986e-07
2.808236918727066131e-07
3.779290616481801889e-07
3.588630145279894114e-07
3.006261355584683252e-07
3.102198790763428866e-07
2.929148611203563919e-07
3.508024471595686992e-07
3.528057953168938062e-07
2.924164317195312924e-07
3.026066599697518068e-07
3.196375759336891956e-07
3.928447980412659133e-07
3.803940905373511839e-07
2.201219318447774095e-07
3.666012863570127076e-07
3.267295993338301794e-07
3.486167814433169049e-07
2.928212630678511241e-07
2.366812086369972979e-07
3.028869922226331093e-07
3.092255525997502894e-07
2.817588463820969852e-07
2.871139346115635167e-07
3.802008068045927207e-07
4.034682438892595826e-07
3.736291266107533156e-07
3.706987920169929263e-07
3.248426477391777101e-07
2.448763045449495980e-07
3.669483978542534222e-07
3.280174419683847933e-07
4.222945217306555901e-07
3.461651403991937982e-07
2.686219851474217766e-07
3.720155500492341834e-07
2.946229412968808144e-07
4.286998526992484221e-07
3.623084860099354121e-07
3.307368626315407853e-07
3.504190498309084857e-07
3.112984204134571906e-07
3.761339451954166790e-07
3.303492731754217939e-07
2.588825133697154916e-07
2.912529907452489264e-07
3.430580551755966945e-07
3.207556586598562887e-07
3.494401484915938799e-07
3.047622498540012122e-07
4.235499253801458954e-07
3.382597191707855054e-07
3.048346878001599099e-07
2.928173436298257947e-07
2.612359016274428145e-07
3.280442951714859831e-07
3.649072081198847949e-07
3.358941670286956766e-07
3.711634598857616201e-07
3.028097778063623771e-07
2.790496657078442083e-07
3.428822025900648076e-07
3.772255521592821190e-07
3.790499281545048973e-07
2.358536765227085099e-07
3.367627048391197216e-07
3.360911736172905141e-07
3.358247088802779092e-07
2.627567110205001946e-07
3.108128309027957837e-07
3.010423663867929971e-07
4.198781953390138087e-07
3.401815873521029198e-07
3.736057090625851141e-07
2.813934455010286804e-07
3.984961475071984857e-07
3.079626682865942888e-07
3.386264887613743856e-07
4.221995614750005169e-07
2.999315998814455036e-07
4.015427044766477230e-07
3.806389830988760775e-07
3.847868790838664800e-07
3.953339445051575261e-07
3.008672696736956086e-07
2.514950098781104233e-07
3.444711432898160061e-07
4.225561627420228788e-07
3.149915451869897061e-07
2.803676451180770767e-07
3.020549191723415962e-07
3.642121235518359056e-07
3.481221655694509215e-07
3.236635044537439889e-07
2.427440153793647964e-07
3.035219939040602188e-07
2.403379198012390789e-07
2.999988958571388988e-07
4.241375855947916832e-07
2.798837886887867236e-07
2.669454380301497802e-07
3.293523237344314880e-07
4.339666433854264205e-07
3.733051705222185243e-07
3.032618424095459244e-07
2.948005882635857823e-07
3.604900409537906044e-07
3.448020203327453914e-07
3.899032411475472844e-07
3.057193566867239752e-07
2.899701145031286091e-07
2.944086570104227926e-07
4.024689254067910088e-07
3.492772064159663835e-07
2.775197888569054188e-07
3.133097364282890142e-07
3.675885262791801252e-07
3.530802302171244251e-07
3.758042161604915783e-07
3.259063245249020203e-07
2.699123751142031748e-07
2.717052096709492770e-07
2.988194071375225136e-07
3.728228023295316821e-07
2.926359948354370981e-07
2.869305275872739836e-07
4.465310952336426735e-07
4.264533954412814981e-07
3.569493181597750219e-07
2.809312640761879079e-07
2.649968921358467263e-07
3.277197185389859193e-07
2.799674374058139137e-07
4.043624603869470759e-07
2.242246290560671112e-07
3.744203926147911041e-07
3.356650877166006264e-07
3.103000165757007899e-07
3.166467842414683943e-07
3.170192544877872786e-07
2.346260689340474057e-07
3.175440108442355789e-07
3.771392434077869207e-07
3.057563935737352766e-07
2.600184155239851055e-07
2.322606557923207965e-07
2.880905055527809141e-07
3.092235105390340190e-07
3.650100825614394213e-07
3.054657559053591083e-07
3.178278386772008033e-07
3.410299153692696115e-07
3.043906272725695769e-07
4.609435191361994075e-07
2.782189613718125259e-07
2.840114715932435087e-07
2.762570392090049224e-07
3.408788983287423197e-07
3.950213967238281747e-07
3.723041082408600037e-07
3.299613824558657820e-07
3.719701791629207811e-07
3.101720971825474197e-07
4.379927053495941995e-07
2.833611970208630223e-07
2.912433217674729780e-07
2.707704659815437129e-07
3.855372246952204879e-07
4.044536100121376823e-07
2.807452580883873849e-07
3.048838813917568251e-07
3.483527913578185126e-07
3.129690297444906101e-07
3.408489863250572175e-07
3.126974347470617746e-07
3.699088278910187213e-07
3.624196933673684961e-07
3.983257270407095203e-07
4.058182925514359866e-07
3.116686979744646825e-07
2.915451600412545866e-07
2.779086157405647012e-07
3.812567633146444945e-07
3.767441684962779827e-07
2.795272576545958146e-07
2.967023473266266978e-07
3.741128647863309855e-07
3.758807249638920816e-07
3.561776246752860198e-07
2.703737072650576846e-07
3.081050703860329174e-07
3.120702726771231096e-07
3.526964972350778216e-07
3.243158770379424249e-07
2.855346650681828944e-07
2.605108071100343020e-07
3.696879782870543780e-07
2.947826140615177822e-07
3.681142904963362962e-07
2.799842225236970842e-07
3.173779077489905032e-07
3.370730797326553741e-07
3.608292149792634095e-07
3.547270033722468745e-07
3.354971747630573852e-07
3.001543476953042964e-07
3.366120275285679239e-07
3.401566789853118863e-07
3.839351283611527110e-07
2.693471581775310917e-07
2.741964729715933978e-07
3.249143181108505226e-07
3.717104789489413056e-07
3.771682162179464169e-07
2.943017102994117910e-07
3.082943710695573829e-07
3.112398953828904071e-07
3.557806573881468935e-07
4.170449042335757763e-07
3.065884931633683898e-07
2.954317346965349747e-07
3.253843298639953109e-07
3.548622787382759756e-07
3.228061317813252772e-07
3.011311818500804062e-07
2.658702041305538068e-07
3.040066063325460918e-07
3.588180721643824934e-07
3.403482648275025938e-07
2.757748400328745875e-07
2.652852454419267064e-07
3.321749987943641881e-07
4.054046496155529182e-07
3.404256122914451932e-07
3.025126578999768246e-07
3.001823922154411097e-07
3.108733378222313051e-07
3.551800413775291206e-07
2.914121169702798804e-07
3.029424584564273110e-07
2.822065718428762250e-07
3.307679593002459137e-07
3.441930932351339211e-07
3.330582733913234790e-07
2.798205636898578885e-07
3.178158395246314190e-07
3.581465686477551110e-07
3.686792164958453100e-07
2.869945272830532264e-07
2.780493182688580969e-07
3.549812967915962911e-07
3.589436576456813980e-07
3.594346801362380161e-07
3.737438910739515777e-07
2.764382445658986243e-07
3.529745667249773093e-07
3.946523087200570023e-07
3.109443808840811198e-07
4.111866077456142961e-07
2.823872336518042913e-07
2.765336802746819955e-07
2.974692663759545815e-07
3.651277542714177252e-07
3.957476875821597168e-07
3.305841015939069844e-07
2.708043479710826253e-07
2.922673105526986781e-07
2.692565557756888054e-07
3.650386230314353245e-07
2.964744657231328896e-07
3.300002465978695859e-07
2.354813377025136889e-07
3.677591225145971823e-07
3.029486593597067841e-07
3.216339177026835214e-07
2.728746043470468746e-07
3.722937957903017071e-07
4.230761556540215902e-07
4.377698078041353043e-07
3.029830587999748201e-07
3.414129870841545965e-07
3.374496155868288998e-07
3.970065998464387840e-07
3.624395278880958205e-07
3.743549978560575888e-07
3.842795960370838048e-07
3.469532769730617009e-07
4.292850778915395890e-07
3.714519749105395814e-07
3.142036133217175904e-07
3.124299098953565871e-07
3.395454211003034770e-07
2.735645289223057841e-07
4.272988676757501145e-07
2.803672549046245769e-07
2.990755015267497131e-07
3.011967037735491085e-07
3.072400068502700017e-07
3.315749692813252872e-07
2.760660094385286881e-07
3.592047749598810228e-07
3.983598095786441757e-07
3.604313990818737263e-07
4.357111019140316111e-07
3.513472070397962144e-07
3.901631216072768172e-07
3.259142809035574138e-07
3.414703521044617207e-07
3.795280209104990897e-07
3.258915206285806852e-07
3.028250610614402195e-07
3.395344576439807185e-07
3.476838405446220220e-07
3.499892929075316918e-07
2.477696858611373925e-07
2.863841559094341144e-07
3.633361769266637008e-07
3.578729425427882872e-07
3.699593590068186843e-07
2.976500927740490793e-07
3.615597688192716229e-07
2.612137307756454064e-07
4.119822600574242873e-07
4.008802433716816126e-07
3.529949635475042997e-07
3.397522620139041067e-07
3.537445286350861966e-07
3.794293784113687213e-07
4.362098870201998036e-07
2.737889276970346791e-07
3.503107700161114191e-07
3.009834433995001066e-07
3.512015350692951081e-07
3.082494717695467017e-07
2.997985673285741000e-07
3.287095626880234053e-07
3.305310598024556803e-07
3.446951060649485189e-07
3.850833686908581170e-07
2.968084954880064013e-07
2.471736815289945959e-07
3.275609106328057899e-07
2.575710316520093061e-07
3.599609397792730843e-07
2.889959671708425107e-07
3.163555805876634806e-07
3.129711756158726829e-07
2.662586779661622236e-07
3.358911888608980762e-07
2.445137573645398793e-07
3.415882013797994248e-07
3.240705031985179879e-07
3.087583955216842781e-07
3.782036810383324203e-07
2.878441154330190849e-07
3.453810472233528201e-07
3.230375364346604840e-07
3.095511933646216927e-07
3.821161130777890887e-07
2.997258116253052875e-07
3.282065203184181885e-07
3.445090903527218175e-07
3.729481227319875870e-07
3.090042721687559220e-07
3.024302530130078917e-07
2.410340735770645811e-07
2.972411973725170776e-07
2.676500479195948217e-07
4.242485893911031903e-07
2.646861863260211864e-07
3.080641244793278961e-07
3.204908693020882744e-07
3.015769125813994970e-07
2.830603544874171241e-07
2.701984907172573875e-07
3.090843091354967100e-07
3.469325146770762738e-07
3.828057006466373832e-07
3.753137790940141859e-07
3.112064295034093180e-07
3.362375953681198931e-07
3.058700255738878074e-07
3.370141748186911970e-07
3.260444368766405847e-07
2.453731879615200906e-07
2.311777533959491093e-07
2.578550901517505953e-07
3.189167427116967097e-07
4.014452002559794878e-07
2.747166957933081252e-07
2.751502424921257220e-07
3.854208206867271738e-07
3.131051317574699025e-07
3.868957407681557127e-07
2.243663249963483879e-07
3.192673026915920051e-07
2.815317238052162115e-07
2.856961203751363121e-07
2.999189538807983957e-07
